n,m,c,t,#variables,#constraints,socount,time
1,1,1,1,2,3,1.0,0.0822451
1,1,2,1,4,8,1.0,0.0044031
1,1,4,1,8,24,1.0,0.0053862
1,1,8,1,16,80,1.0,0.0063788
1,1,16,1,32,288,1.0,0.0185434
1,1,32,1,64,1088,1.0,0.0387404
1,1,64,1,128,4224,1.0,0.2150871
1,1,128,1,256,16640,1.0,2.0300445
1,1,256,1,512,66048,1.0,15.0062654
1,1,512,1,1024,263168,1.0,329.2029666
